  0.000000000000
  0.033816233277
  0.058267865330
  0.065804310143
  0.089522875845
  0.118677400053
  0.137785479426
  0.162231788039
  0.197001099586
  0.213693708181
  0.249988839030
  0.259725511074
  0.282648146152
  0.324257314205
  0.330104589462
  0.359660148621
  0.386859804392
  0.410236120224
  0.419504463673
  0.457865059376
  0.470910787582
  0.498057186604
  0.506622970104
  0.528215825558
  0.565841138363
  0.587611794472
  0.591979622841
  0.608563244343
  0.627947568893
  0.649234175682
  0.671980679035
  0.685065269470
  0.711360633373
  0.734415292740
  0.736776232719
  0.765691161156
  0.783133804798
  0.800493240356
  0.803616344929
  0.824059844017
  0.841153025627
  0.841284692287
  0.867402017117
  0.871975779533
  0.886983990669
  0.886134386063
  0.915868043900
  0.925140440464
  0.916024625301
  0.944093883038
  0.953078925610
  0.961038112640
  0.948684871197
  0.973356485367
  0.980475366116
  0.975151062012
  0.975014448166
  0.976563870907
  0.991281926632
  0.983240187168
  0.987140178680
  0.988139510155
  0.990660250187
  0.998291969299
  1.003174304962
  0.994887650013
  0.988469779491
  1.004897832870
  0.993976056576
  0.998915016651
  0.981277585030
  0.991210997105
  0.975622057915
  0.973833203316
  0.963280260563
  0.971671819687
  0.963430345058
  0.951950788498
  0.948871433735
  0.922339797020
  0.924838364124
  0.902163565159
  0.906501233578
  0.896999359131
  0.876387357712
  0.869484961033
  0.845523416996
  0.832453489304
  0.825354933739
  0.802664995193
  0.807950735092
  0.790579974651
  0.761430263519
  0.756123602390
  0.743010818958
  0.722162961960
  0.707043170929
  0.676554560661
  0.666293203831
  0.652806282043
  0.629630386829
  0.617527306080
  0.578183770180
  0.572454452515
  0.545184075832
  0.529716968536
  0.505987703800
  0.477106332779
  0.452213883400
  0.438472807407
  0.419685870409
  0.405133903027
  0.379619449377
  0.356668770313
  0.328355848789
  0.294722706079
  0.274775266647
  0.265216022730
  0.238832324743
  0.201545208693
  0.191474184394
  0.151743710041
  0.134006142616
  0.119079291821
  0.076411046088
  0.069995075464
  0.046219676733
  0.013034909964
  -0.019840907305
  -0.035942398012
  -0.064306810498
  -0.092049658298
  -0.116528928280
  -0.127615943551
  -0.161529883742
  -0.181775063276
  -0.200166523457
  -0.231669217348
  -0.265842616558
  -0.269624710083
  -0.297298014164
  -0.316541969776
  -0.357716947794
  -0.363066405058
  -0.385635763407
  -0.410288780928
  -0.433240234852
  -0.471973150969
  -0.477740973234
  -0.497813940048
  -0.516526401043
  -0.557170391083
  -0.557674705982
  -0.578676521778
  -0.615121066570
  -0.625989794731
  -0.640118837357
  -0.656164109707
  -0.676331341267
  -0.710492253304
  -0.726203083992
  -0.724844872952
  -0.745083808899
  -0.773477971554
  -0.785670578480
  -0.791667938232
  -0.812983751297
  -0.831066012383
  -0.848341822624
  -0.862384796143
  -0.872568488121
  -0.876518309116
  -0.899126470089
  -0.894475102425
  -0.911492109299
  -0.918328762054
  -0.934777677059
  -0.948249757290
  -0.956068694592
  -0.953005492687
  -0.971758842468
  -0.968514561653
  -0.971034109592
  -0.970306754112
  -0.977891087532
  -0.996640980244
  -0.991633296013
  -0.998534679413
  -0.996731221676
  -1.004900693893
  -0.993145823479
  -1.003798365593
  -1.008123040199
  -1.007119417191
  -1.003299355507
  -0.985855758190
  -0.992920339108
  -0.984091877937
  -0.981684327126
  -0.991821289062
  -0.984531879425
  -0.962320268154
  -0.955129802227
  -0.959953844547
  -0.941567182541
  -0.933477520943
  -0.940555512905
  -0.916102290154
  -0.907793045044
  -0.905923545361
  -0.898693323135
  -0.890816211700
  -0.862613320351
  -0.868483304977
  -0.846333026886
  -0.842139542103
  -0.826163232327
  -0.807780921459
  -0.788819432259
  -0.778679132462
  -0.767653167248
  -0.747327327728
  -0.726527273655
  -0.716132223606
  -0.690430760384
  -0.681332111359
  -0.655268251896
  -0.637213230133
  -0.607292532921
  -0.603104114532
  -0.567795574665
  -0.564188420773
  -0.528949916363
  -0.521826326847
  -0.485648483038
  -0.463488072157
  -0.458540618420
  -0.438842236996
  -0.401124238968
  -0.392167270184
  -0.351291775703
  -0.347971737385
  -0.316905051470
  -0.300075858831
  -0.260253101587
  -0.238828435540
  -0.221269458532
  -0.190182819963
  -0.180456966162
  -0.137415990233
  -0.127942785621
  -0.105643324554
  -0.073379367590
  -0.043425083160
  -0.016160586849
  -0.009574092925
